2 0.34895312500000003 0.5659444444444445 0.119171875 0.3088472222222222
2 0.335796875 0.3252083333333333 0.11957812500000001 0.19115277777777778
2 0.5003515625 0.16495833333333332 0.046632812499999995 0.11140277777777777
2 0.47483593749999997 0.10475 0.0476796875 0.10211111111111111
1 0.22878125 0.6586388888888889 0.098265625 0.19136111111111112
1 0.45647656249999996 0.6025972222222222 0.0823125 0.1440833333333333
1 0.54890625 0.41063888888888894 0.0682265625 0.13516666666666666
1 0.5278203125 0.27169444444444446 0.05209375000000001 0.06098611111111111
1 0.43629687500000003 0.24068055555555554 0.04353125 0.10079166666666665
1 0.38878124999999997 0.17791666666666667 0.0344296875 0.06325
1 0.3846171875 0.11863888888888889 0.026101562499999998 0.05580555555555555
1 0.566484375 0.6185833333333334 0.07473437499999999 0.17141666666666666
0 0.6386093749999999 0.6171805555555555 0.0366953125 0.1408611111111111