2 0.5841875 0.6114305555555556 0.1101328125 0.3561944444444444
2 0.55034375 0.3187361111111111 0.0986875 0.23375
1 0.458296875 0.6074583333333333 0.0745078125 0.14918055555555554
1 0.27903125 0.5650972222222223 0.08315625 0.18944444444444444
1 0.40570312499999994 0.43101388888888886 0.0672265625 0.11294444444444443
1 0.36221875 0.31154166666666666 0.064640625 0.12213888888888888
1 0.4274453125 0.2779583333333333 0.046656249999999996 0.09665277777777778
1 0.41832812500000005 0.21056944444444448 0.054468749999999996 0.049833333333333334
1 0.428875 0.15754166666666666 0.0312890625 0.041
1 0.494359375 0.1677361111111111 0.029445312499999998 0.061388888888888896
1 0.47210156249999996 0.11887500000000001 0.03440625 0.05163888888888889