1 0.31417968749999997 0.8293055555555556 0.1190703125 0.25027777777777777
1 0.5780703125 0.8821805555555555 0.11195312500000001 0.23565277777777777
1 0.45778125000000003 0.6000555555555556 0.096375 0.14918055555555554
1 0.5636171875 0.5294305555555555 0.063796875 0.18294444444444444
1 0.5313359375 0.34580555555555553 0.0513046875 0.09808333333333334
1 0.3128828125 0.4363472222222222 0.06543750000000001 0.1356527777777778
1 0.42796874999999995 0.16541666666666666 0.0268671875 0.06601388888888889
2 0.3639140625 0.24994444444444447 0.0633359375 0.15637500000000001
2 0.513109375 0.19737500000000002 0.046109375 0.12068055555555555
2 0.48589843750000006 0.12629166666666666 0.046375 0.1035
2 0.40584375 0.3626527777777778 0.08299999999999999 0.20616666666666666