2 0.2945234375 0.8266249999999999 0.191703125 0.34676388888888887
2 0.266015625 0.4880138888888889 0.163328125 0.3288055555555556
2 0.579625 0.7148333333333332 0.1296640625 0.4644027777777778
1 0.4520625 0.6050972222222223 0.0733828125 0.14256944444444444
1 0.41430468749999994 0.3288611111111111 0.0499375 0.09781944444444446
1 0.3782421875 0.23834722222222224 0.036125000000000004 0.076125
1 0.3811015625 0.15729166666666666 0.035609375 0.04744444444444444
1 0.522625 0.3184444444444444 0.072890625 0.11404166666666667
1 0.5187109375000001 0.22190277777777778 0.033828125 0.06547222222222222
2 0.4883828125 0.14154166666666665 0.0398125 0.0974861111111111
0 0.5860234375 0.4071388888888889 0.037234375 0.08018055555555555